consumed time for generating 100000000 randoms.
REAL1 MIN:1187ms.
      AVE:1208ms.
total = 500002118.242125
REAL2 MIN:1171ms.
      AVE:1177ms.
total = 500019319.242125
REAL53 MIN:2123ms.
       AVE:2131ms.
total = 500000757.697550
ADD   MIN: 203ms.
      AVE: 206ms.
total = 1000000000.000000
