consumed time for generating 100000000 randoms.
REAL1 MIN:1130ms.
      AVE:1136ms.
total = 500002118.242125
REAL2 MIN:1160ms.
      AVE:1168ms.
total = 500019319.242125
REAL53 MIN:2160ms.
       AVE:2169ms.
total = 500000757.697550
ADD   MIN: 490ms.
      AVE: 499ms.
total = 1000000000.000000
