consumed time for generating 100000000 randoms.
REAL1 MIN:1953ms.
      AVE:1959ms.
total = 500002118.242125
REAL2 MIN:1862ms.
      AVE:1883ms.
total = 500019319.242125
REAL53 MIN:3605ms.
       AVE:3607ms.
total = 500000757.697550
ADD   MIN: 210ms.
      AVE: 216ms.
total = 1000000000.000000
