consumed time for generating 100000000 randoms.
REAL1 MIN: 850ms.
      AVE: 859ms.
total = 500002118.242125
REAL2 MIN:1010ms.
      AVE:1019ms.
total = 500019319.242125
REAL53 MIN:1750ms.
       AVE:1756ms.
total = 500000757.697550
ADD   MIN: 490ms.
      AVE: 498ms.
total = 1000000000.000000
