consumed time for generating 100000000 randoms.
REAL1 MIN:1952ms.
      AVE:1956ms.
total = 500002118.242125
REAL2 MIN:1852ms.
      AVE:1861ms.
total = 500019319.242125
REAL53 MIN:3595ms.
       AVE:3602ms.
total = 500000757.697550
ADD   MIN: 210ms.
      AVE: 216ms.
total = 1000000000.000000
