consumed time for generating 100000000 randoms.
REAL1 MIN:3520ms.
      AVE:3537ms.
total = 500002118.242125
REAL2 MIN:3940ms.
      AVE:3948ms.
total = 500019319.242125
REAL53 MIN:6150ms.
       AVE:6157ms.
total = 500000757.697550
ADD   MIN: 370ms.
      AVE: 378ms.
total = 1000000000.000000
