consumed time for generating 100000000 randoms.
REAL1 MIN:3790ms.
      AVE:3808ms.
total = 499998006.743333
REAL2 MIN:4060ms.
      AVE:4063ms.
total = 499997348.743332
REAL53 MIN:9000ms.
       AVE:9006ms.
total = 500013955.644874
ADD   MIN: 370ms.
      AVE: 377ms.
total = 1000000000.000000
