consumed time for generating 100000000 randoms.
REAL1 MIN:3700ms.
      AVE:3712ms.
total = 499993695.214830
REAL2 MIN:3510ms.
      AVE:3520ms.
total = 499996183.214833
REAL53 MIN:6350ms.
       AVE:6359ms.
total = 500005247.343312
ADD   MIN: 370ms.
      AVE: 377ms.
total = 1000000000.000000
