consumed time for generating 100000000 randoms.
REAL1 MIN:1502ms.
      AVE:1504ms.
total = 499998006.743333
REAL2 MIN:1502ms.
      AVE:1502ms.
total = 499997348.743332
REAL53 MIN:3765ms.
       AVE:3768ms.
total = 500013955.644874
ADD   MIN: 220ms.
      AVE: 229ms.
total = 1000000000.000000
