consumed time for generating 100000000 randoms.
REAL1 MIN:1420ms.
      AVE:1430ms.
total = 499998006.743333
REAL2 MIN:1420ms.
      AVE:1435ms.
total = 499997348.743332
REAL53 MIN:4149ms.
       AVE:4166ms.
total = 500013955.644874
ADD   MIN: 187ms.
      AVE: 201ms.
total = 1000000000.000000
